def create_ideal_images():
    classes = {
        "∧": np.array([
            [1, 1, 1, 1, 0, 0, 1, 1, 1, 1],
            [1, 1, 1, 0, 1, 1, 0, 1, 1, 1],
            [1, 1, 0, 1, 1, 1, 1, 0, 1, 1],
            [1, 0, 1, 1, 1, 1, 1, 1, 0, 1],
            [0, 1, 1, 1, 1, 1, 1, 1, 1, 0],
            [1, 1, 1, 1, 1, 1, 1, 1, 1, 1],
            [1, 1, 1, 1, 1, 1, 1, 1, 1, 1],
            [1, 1, 1, 1, 1, 1, 1, 1, 1, 1],
            [1, 1, 1, 1, 1, 1, 1, 1, 1, 1],
            [1, 1, 1, 1, 1, 1, 1, 1, 1, 1]
        ]),  # Символ '^' (кон'юнкція)
        "∨": np.array([
            [1, 1, 1, 1, 1, 1, 1, 1, 1, 1],
            [1, 1, 1, 1, 1, 1, 1, 1, 1, 1],
            [1, 1, 1, 1, 1, 1, 1, 1, 1, 1],
            [1, 1, 1, 1, 1, 1, 1, 1, 1, 1],
            [1, 1, 1, 1, 1, 1, 1, 1, 1, 1],
            [0, 1, 1, 1, 1, 1, 1, 1, 1, 0],
            [1, 0, 1, 1, 1, 1, 1, 1, 0, 1],
            [1, 1, 0, 1, 1, 1, 1, 0, 1, 1],
            [1, 1, 1, 0, 1, 1, 0, 1, 1, 1],
            [1, 1, 1, 1, 0, 0, 1, 1, 1, 1]
        ]),  # Символ '∨' (диз'юнкція)
        "∃": np.array([
            [1, 1, 1, 0, 0, 0, 0, 0, 0, 0],
            [1, 1, 1, 1, 1, 1, 1, 1, 1, 0],
            [1, 1, 1, 1, 1, 1, 1, 1, 1, 0],
            [1, 1, 1, 1, 1, 1, 1, 1, 1, 0],
            [1, 1, 1, 0, 0, 0, 0, 0, 0, 0],
            [1, 1, 1, 1, 1, 1, 1, 1, 1, 0],
            [1, 1, 1, 1, 1, 1, 1, 1, 1, 0],
            [1, 1, 1, 1, 1, 1, 1, 1, 1, 0],
            [1, 1, 1, 1, 1, 1, 1, 1, 1, 0],
            [1, 1, 1, 0, 0, 0, 0, 0, 0, 0]]),  # Символ '∃' (існування)
        "⊂": np.array([
            [1, 1, 1, 1, 1, 1, 1, 1, 1, 1],
            [1, 1, 1, 0, 0, 0, 0, 0, 0, 0],
            [1, 1, 0, 1, 1, 1, 1, 1, 1, 1],
            [1, 1, 0, 1, 1, 1, 1, 1, 1, 1],
            [1, 1, 0, 1, 1, 1, 1, 1, 1, 1],
            [1, 1, 0, 1, 1, 1, 1, 1, 1, 1],
            [1, 1, 0, 1, 1, 1, 1, 1, 1, 1],
            [1, 1, 0, 1, 1, 1, 1, 1, 1, 1],
            [1, 1, 1, 0, 0, 0, 0, 0, 0, 0],
            [1, 1, 1, 1, 1, 1, 1, 1, 1, 1]] ),  # Символ '⊂' (включення)
        "⊃": np.array([
            [1, 1, 1, 1, 1, 1, 1, 1, 1, 1],
            [1, 1, 1, 1, 1, 1, 1, 1, 1, 1],
            [1, 1, 1, 0, 0, 0, 0, 0, 0, 0],
            [1, 1, 0, 1, 1, 1, 1, 1, 1, 1],
            [1, 1, 0, 1, 1, 1, 1, 1, 1, 1],
            [1, 1, 0, 1, 1, 1, 1, 1, 1, 1],
            [1, 1, 0, 1, 1, 1, 1, 1, 1, 1],
            [1, 1, 0, 1, 1, 1, 1, 1, 1, 1],
            [1, 1, 1, 1, 1, 1, 1, 1, 1, 1],
            [1, 1, 1, 1, 1, 1, 1, 1, 1, 1]
        ]),  # Символ '⊃' (включення)
    }
    return classes

    ∧  ∨ ∃ ⊂ ⊃